159113
364551
47024
679478
906076
227736
661029
753036
793922
970642
633326
248610
621436
892337
630991
178202
695827
593505
372175
776860
516052
77555
514281
456301
435820
716149
396407
672904
173750
837300
968684
490115
585177
895846
871351
40895
329399
286807
868156
181345
864460
715748
200769
522106
616106
634838
43003
643857
820959
799828
892495
269871
489378
164012
317533
89967
399838
337440
845102
542060
748527
520933
351194
845139
112571
612869
123799
288966
15895
168322
682136
465479
930486
671038
132830
189937
673424
31840
773404
249026
589776
472446
209818
823309
498409
497158
991346
595486
341070
155303
128482
214455
612968
585533
730476
65397
924547
262044
939630
401937
416808
974149
872550
349441
887071
582388
956410
936030
565627
146156
425025
261117
140586
659265
41213
166839
917329
79257
605047
384338
545357
700193
109042
682431
123688
981156
881305
156896
683497
161958
929337
184884
7054
866525
322702
137646
865485
264384
179776
446256
592586
256869
878829
955296
829018
881375
150772
182980
951601
804731
656006
461938
517512
506886
979300
171497
522200
431181
60366
828027
446324
140414
674610
536478
312741
760795
962272
807699
532229
921119
186144
851950
700847
858281
225343
899978
613954
564166
922213
100145
741725
368960
472606
411392
58006
852390
17738
242676
267836
961539
401502
358930
539180
532971
211878
278609
555834
186476
209401
234489
715297
518142
291961
568083
874945
285738
406952
28183
827372
799731
759569
673382
986503
965121
376836
790138
662711
670413
242200
273191
910857
265124
280948
831402
619064
92444
777744
895467
180509
364805
138290
127848
425126
203308
231230
411900
554129
432190
181729
790787
90458
784686
896803
813169
197216
304658
436558
494218
854619
777204
878204
225697
649115
630882
966141
304602
60628
970409
614896
679880
905037
764786
614370
175412
523920
418127
259082
910079
938273
747490
573970
32601
441764
858957
629660
602984
489547
272803
454320
848544
567545
988604
282490
139206
510502
641405
707296
252287
179489
842769
570408
5735
806639
461088
351912
486376
733244
115642
510800
111054
199419
293401
634772
853620
133678
742153
154090
54745
380055
448499
555418
39645
964172
132791
301832
808653
310075
556856
544876
783457
153167
789001
240890
998868
500666
304177
306104
964291
367970
392820
956028
228189
294925
950500
281426
715678
189358
17393
293653
738378
869752
557946
525784
377042
85936
628236
712875
28036
782878
550620
142937
290620
100889
228233
449591
242490
646066
328055
650897
426411
95784
139751
754652
795088
765655
765264
547816
159660
731297
895563
459832
328124
859512
838447
401173
598789
282868
642992
329845
55983
740858
383195
764485
890936
817335
822950
982114
884679
593984
416364
315689
285222
882475
384405
740238
353508
635473
804477
750601
289513
20373
305030
825936
16698
95309
557424
889071
812675
616305
963258
299372
916587
864193
491574
927999
864888
358956
260875
231683
367656
350108
754218
699196
957668
332389
482853
280731
316914
326287
623520
334289
355657
282022
256479
257208
518745
666477
896287
605006
616415
996673
2679
186415
551054
955270
839417
524657
598243
156126
80896
534983
213062
241199
35537
974050
625189
798861
324460
764106
879722
156911
397310
562463
935687
14164
122632
79321
327419
140605
257562
944548
666026
615609
769262
338914
97568
362838
8549
413207
793326
237639
665180
411259
189960
352338
323865
556277
507761
435722
996263
941991
113581
345189
65454
455490
717779
200754
101650
239543
891922
495695
532629
36499
387213
806161
731868
199112
855322
669328
884748
490362
220768
281788
190294
256009
541202
951130
112135
928716
773739
119114
70205
257992
683903
58946
457067
509737
94032
954381
354786
826166
615115
477468
83976
325463
688099
372372
466935
932484
37777
863818
369790
217311
137374
411966
955972
722961
472539
767373
828792
638856
253300
121122
529543
211409
880563
395806
310811
319736
921768
870058
612685
792869
530093
907820
246985
672258
45421
385433
827184
458811
429620
210983
196074
172068
555749
642479
497097
169823
32452
73472
336483
502591
517477
567137
71812
358589
620402
869066
593865
109491
183592
980750
688078
170675
724054
898513
211034
666729
668165
699966
341284
487041
509004
714116
267364
319525
787142
245552
781443
202616
271608
547461
604060
730937
732924
276244
786540
817741
21597
828826
133153
932383
922921
960548
270984
474548
762117
656394
645325
516596
184636
765904
411380
127966
197032
574655
253379
405178
258846
560985
731960
846637
307225
958320
689803
675671
273945
905590
734928
178607
314650
201396
471231
595901
972745
803177
957933
318278
364874
457054
437733
25725
875535
472772
348638
305645
762595
105722
987159
683036
537962
206510
133687
245068
786927
781875
948475
36913
643410
621261
877232
936837
948614
271377
42433
329470
824075
878416
970497
116061
398157
458981
374677
979858
364834
40370
225486
722352
451601
30959
73621
812930
172247
951796
983381
300558
447530
831291
939764
456882
359656
446574
992265
811961
563823
441929
325517
863359
688439
681631
356395
202942
71716
203681
150235
200530
468916
586822
856112
284200
323872
442849
779010
941248
146937
819310
735526
110566
340228
664963
754998
535773
755845
785254
460035
198379
877284
118164
37731
212260
887577
128878
16824
231955
765140
166051
982257
172460
51188
121261
681533
527888
522881
111663
441474
981678
599412
337587
209944
391407
419705
984421
334303
306807
866513
834176
261980
847452
27722
265993
295591
30254
968236
323969
436369
845482
827478
327793
3294
911341
260636
425277
599168
657171
709729
488620
527570
138501
311614
175037
935897
409621
454867
834512
391857
122308
271102
716811
43440
795995
929270
281393
615280
342838
432382
241645
676842
958214
540822
935449
427748
665446
910851
795504
26346
306639
512127
847408
955206
489960
216027
501856
795296
982297
789059
781264
52611
587800
805998
55242
254452
748361
716920
459250
111408
587701
288039
684047
694002
685062
61231
879476
73336
277327
864795
35454
845335
260936
171539
412067
139287
569995
800847
759804
838695
844910
182003
834485
859408
665931
296399
190875
624826
421729
584764
126401
292483
923060
39240
890777
38853
107164
838441
54259
241670
739830
12895
922428
961805
634863
722912
120939
965935
977845
674922
645347
22007
11527
189458
578751
98479
521290
19966
176090
51047
278678
931107
39817
327188
615187
107997
265945
659546
419306
2735
631138
436395
238950
177089
985760
729044
15741
326950
922469
62750
77688
624315
299832
734316
524139
214851
322184
196922
392618
880653
865557
567970
309415
673868
949090
442188
554784
199153
792436
489873
389974
814839
8586
512826
154832
532996
825231
686761
516636
911968
394425
99503
608909
582493
801279
33773
675365
196902
146251
673352
905463
667292
720327
381401
29259
152312
394163
228763
388410
412074
959685
617400
841751
641784
994246
83796
724796
826083
248572
563940
23645
492613
685076
888658
278101
344408
32064
139886
73177
656588
792159
75086
518727
625899